percent:0.05 acc:0.6389473676681519
percent:0.1 acc:0.7799999713897705
